0
1 252 0
2 126 0
2 252 0
3 84 0
3 168 0
3 252 0
4 63 0
4 126 0
4 189 0
5 252 0
6 42 0
6 84 0
6 210 0
7 36 0
7 72 0
7 108 0
7 144 0
7 180 0
7 216 0
7 252 0
8 63 0
9 28 0
9 56 0
9 84 0
9 112 0
9 140 0
9 196 0
9 224 0
10 126 0
11 252 0
12 21 0
12 42 0
12 105 0
12 147 0
12 231 0
13 252 0
14 18 0
14 36 0
14 54 0
14 90 0
14 162 0
14 198 0
14 234 0
15 84 0
16 63 0
17 252 0
18 70 0
18 98 0
18 154 0
18 182 0
18 238 0
19 252 0
20 63 0
21 24 0
21 48 0
21 60 0
21 96 0
21 120 0
21 132 0
21 156 0
21 192 0
21 204 0
21 228 0
21 240 0
22 126 0
23 252 0
25 252 0
26 126 0
27 28 0
28 45 0
28 81 0
28 99 0
28 117 0
28 135 0
28 153 0
28 171 0
28 207 0
28 225 0
28 243 0
29 252 0
30 42 0
31 252 0
32 63 0
33 84 0
34 126 0
35 36 0
36 49 0
36 77 0
36 91 0
36 119 0
36 133 0
36 161 0
36 175 0
36 203 0
36 217 0
36 245 0
37 252 0
38 126 0
39 84 0
40 63 0
41 252 0
42 66 0
42 78 0
42 102 0
42 114 0
42 138 0
42 150 0
42 174 0
42 186 0
42 222 0
42 246 0
43 252 0
44 63 0
46 126 0
47 252 0
50 126 0
51 84 0
52 63 0
53 252 0
55 252 0
57 84 0
58 126 0
59 252 0
61 252 0
62 126 0
63 64 0
63 68 0
63 76 0
63 80 0
63 88 0
63 92 0
63 100 0
63 104 0
63 116 0
63 124 0
63 128 0
63 136 0
63 148 0
63 152 0
63 160 0
63 164 0
63 172 0
63 176 0
63 184 0
63 188 0
63 200 0
63 208 0
63 212 0
63 220 0
63 232 0
63 236 0
63 244 0
63 248 0
63 256 0
65 252 0
67 252 0
69 84 0
71 252 0
73 252 0
74 126 0
75 84 0
79 252 0
82 126 0
83 252 0
84 87 0
84 93 0
84 111 0
84 123 0
84 129 0
84 141 0
84 159 0
84 165 0
84 177 0
84 183 0
84 195 0
84 201 0
84 213 0
84 219 0
84 237 0
84 249 0
84 255 0
85 252 0
86 126 0
89 252 0
94 126 0
95 252 0
97 252 0
101 252 0
103 252 0
106 126 0
107 252 0
109 252 0
110 126 0
113 252 0
115 252 0
118 126 0
121 252 0
122 126 0
125 252 0
126 130 0
126 134 0
126 142 0
126 146 0
126 158 0
126 166 0
126 170 0
126 178 0
126 190 0
126 194 0
126 202 0
126 206 0
126 214 0
126 218 0
126 226 0
126 230 0
126 242 0
126 250 0
126 254 0
127 252 0
131 252 0
137 252 0
139 252 0
143 252 0
145 252 0
149 252 0
151 252 0
155 252 0
157 252 0
163 252 0
167 252 0
169 252 0
173 252 0
179 252 0
181 252 0
185 252 0
187 252 0
191 252 0
193 252 0
197 252 0
199 252 0
205 252 0
209 252 0
211 252 0
215 252 0
221 252 0
223 252 0
227 252 0
229 252 0
233 252 0
235 252 0
239 252 0
241 252 0
247 252 0
251 252 0
252 253 0
